@import "tailwindcss";

@layer base{
    span, h2,button{
        font-family: raleway;
    }
}


@font-face {
    font-family: raleway;
    src: url(../font/Raleway-Medium.ttf);
}
@layer theme{
    .firstAnime{
        animation: bdr1 3s ease-out infinite alternate;
    }
    .secondAnime{
        animation: bdr2 3s ease-out alternate infinite;
    }
}

@keyframes bdr1{
    0%{border-radius: 58% 34% 42% 37% / 52% 30% 68% 44%  ;}
    50%{border-radius: 34% 54% 30% 59% / 75% 59% 36% 33% ;}
    100%{border-radius: 61% 43% 75% 27% / 87% 33% 46% 20%  ;}
}
@keyframes bdr2{
    0%{border-radius: 61% 43% 75% 27% / 87% 33% 46% 20%  ;}
    50%{border-radius: 58% 34% 42% 37% / 52% 30% 68% 44%  ;}
    100%{border-radius: 34% 54% 30% 59% / 75% 59% 36% 33%   ;}
}
@font-face {
    font-family: caveat;
    src: url(../font/Caveat-Bold.ttf);
}